`19702693803
16324636862
14948532807
15967416719
16580350268
16035116422
14295283980
16223182837
14479435999
15194906784
15812543563
16416405349
14769905419
14299446901
17490943100
12570940453
13717208551
16293502568
14691720277
13800206614
17287498726
14364621756
15967543221
14165163440
16080031722
16042395140
15589118503
13833762374
14562280861
17822784001
15438562682
16743789114
13157514944
13028823028
15989191642
15913007652
16564241271
15296255079
16553254168
13692558897
12905787482
14340821732
17500637955
14940689699
14432274336
14804905264
14891154385
14688210889
13177223036
15787843837
16898386558
13752160043
17240493960
15683257696
20411684012
16622483672
15884491420
18758908244
15203868952
15643216456
15013355915
15457931290
13757845201
9949541642
15232654239
13299290080
13845995615
14671651070
14636369179
15956764226
13919960605
16335605054
16216979586
16476192192
16303597255
14975008793
16291166568
16409099478
16894495543
16566107075
19680438919
14733920771
16315773164
16195775707
18867870556
15669953128
17612694283
15967009403
14418557568
17521199368
15973340799
15450528149
15478027987
20509149839
18424701870
15055198959
15348649087
16048958693
14511620521
16080750552
16309069159
14146754254
15923101953
15969459747
18830491192
16204489957
15128591157
17037124641
16160059840
16244238451
14573480274
13945102961
16861688622
16039436965
14432270227
14428675580
14005738927
14489056189
15385102252
15214944953
14564966905
16872409805
17301309626
16479340196
18991075529
16098036778
13705262036
13118283528
15829519102
13846633283
16298578222
15957131596
13550080425
15966840323
15884536315
16345965494
16016064725
16156751169
16701639768
15397069094
16199359006
16732164164
16100498931
15364629780
16134659361
16316292456
15185733879`
